%YAML:1.0
cameraMatrix: !!opencv-matrix
   rows: 3
   cols: 3
   dt: d
   data: [ 1.5327976676856001e+03, 0., 9.7119515972986949e+02, 0.,
       1.5312257554026789e+03, 5.2665435916150045e+02, 0., 0., 1. ]
imageSize_width: 1920
imageSize_height: 1080
sensorSize_width: 0
sensorSize_height: 0
distCoeffs: !!opencv-matrix
   rows: 5
   cols: 1
   dt: d
   data: [ -4.7433212486486331e-01, 5.7699487342667044e-01,
       2.3132690685500712e-03, -3.2655813034105693e-03,
       1.5380295730684270e+00 ]
reprojectionError: 5.7451581954956055e-01
features:
   - [ [ 1.19048621e+03, 3.72000732e+02, 1.19402734e+03, 4.31205750e+02,
       1.19738000e+03, 4.90679840e+02, 1.20048279e+03, 5.51191040e+02,
       1.20325232e+03, 6.11555664e+02, 1.20563184e+03, 6.72697388e+02,
       1.20812402e+03, 7.32961731e+02, 1.13126904e+03, 3.74444916e+02,
       1.13463025e+03, 4.33181488e+02, 1.13757397e+03, 4.93404877e+02,
       1.14040149e+03, 5.53431519e+02, 1.14310608e+03, 6.14555664e+02,
       1.14555542e+03, 6.75337769e+02, 1.14768481e+03, 7.36291077e+02,
       1.07223889e+03, 3.76336121e+02, 1.07501892e+03, 4.35777863e+02,
       1.07762354e+03, 4.95471741e+02, 1.08018506e+03, 5.56157288e+02,
       1.08259875e+03, 6.16850464e+02, 1.08516321e+03, 6.78461304e+02,
       1.08754053e+03, 7.38707153e+02, 1.01239508e+03, 3.79039062e+02,
       1.01479346e+03, 4.38062805e+02, 1.01701703e+03, 4.98054108e+02,
       1.01933813e+03, 5.58459229e+02, 1.02161511e+03, 6.19708191e+02,
       1.02420300e+03, 6.80600647e+02, 1.02656934e+03, 7.41631653e+02,
       9.52610718e+02, 3.81460022e+02, 9.54415894e+02, 4.40727875e+02,
       9.56388428e+02, 5.00445587e+02, 9.58329956e+02, 5.61125488e+02,
       9.60661987e+02, 6.21735168e+02, 9.63196411e+02, 6.83114258e+02,
       9.65468811e+02, 7.43578735e+02, 8.92770020e+02, 3.84633667e+02,
       8.94287231e+02, 4.43239838e+02, 8.95757751e+02, 5.03025299e+02,
       8.97482544e+02, 5.63302551e+02, 8.99520996e+02, 6.24250183e+02,
       9.01932068e+02, 6.84951111e+02, 9.04379761e+02, 7.45591370e+02,
       8.33453857e+02, 3.87343628e+02, 8.34160156e+02, 4.45997955e+02,
       8.35530823e+02, 5.05561371e+02, 8.36966797e+02, 5.65659119e+02,
       8.38974304e+02, 6.26096680e+02, 8.41284973e+02, 6.86781616e+02,
       8.43835205e+02, 7.46907715e+02, 7.75127319e+02, 3.90557983e+02,
       7.75592834e+02, 4.48701935e+02, 7.76407898e+02, 5.08095825e+02,
       7.77780029e+02, 5.67810547e+02, 7.79463501e+02, 6.28102295e+02,
       7.81653076e+02, 6.88332764e+02, 7.84281799e+02, 7.48319153e+02,
       7.17563904e+02, 3.93865936e+02, 7.17637390e+02, 4.51850311e+02,
       7.18333862e+02, 5.10549103e+02, 7.19397339e+02, 5.69873230e+02,
       7.21117432e+02, 6.29608093e+02, 7.22948547e+02, 6.89610474e+02,
       7.25898621e+02, 7.48663025e+02, 6.61140259e+02, 3.97241882e+02,
       6.60653687e+02, 4.54677979e+02, 6.61030029e+02, 5.13266357e+02,
       6.61994019e+02, 5.71999756e+02, 6.63366943e+02, 6.31289551e+02,
       6.65397278e+02, 6.90573914e+02, 6.67831665e+02, 7.49709656e+02 ] ]
   - [ [ 1.04471008e+03, 4.40804840e+02, 1.04683057e+03, 4.86635376e+02,
       1.04916565e+03, 5.32332642e+02, 1.05131702e+03, 5.79244873e+02,
       1.05360864e+03, 6.24355835e+02, 1.05554761e+03, 6.71919434e+02,
       1.05762024e+03, 7.16561646e+02, 9.98955811e+02, 4.42591064e+02,
       1.00131311e+03, 4.87813721e+02, 1.00319580e+03, 5.34571167e+02,
       1.00525378e+03, 5.80028564e+02, 1.00734552e+03, 6.27260132e+02,
       1.01011005e+03, 6.72408569e+02, 1.01122528e+03, 7.19754944e+02,
       9.53596985e+02, 4.44176941e+02, 9.55200989e+02, 4.90106384e+02,
       9.57375366e+02, 5.35740112e+02, 9.59442200e+02, 5.82765808e+02,
       9.61501770e+02, 6.27935486e+02, 9.63313843e+02, 6.75335327e+02,
       9.65709717e+02, 7.20290833e+02, 9.07520203e+02, 4.46220734e+02,
       9.09553162e+02, 4.91777679e+02, 9.11217346e+02, 5.38136902e+02,
       9.13104126e+02, 5.83656616e+02, 9.15171326e+02, 6.30844849e+02,
       9.16591431e+02, 6.76520325e+02, 9.18920959e+02, 7.23611267e+02,
       8.61723328e+02, 4.47586884e+02, 8.63217407e+02, 4.93650513e+02,
       8.64950928e+02, 5.39285400e+02, 8.66496582e+02, 5.85751648e+02,
       8.68681458e+02, 6.31561829e+02, 8.70552673e+02, 6.78985413e+02,
       8.72925232e+02, 7.24024658e+02, 8.16066589e+02, 4.49889557e+02,
       8.17319031e+02, 4.95246521e+02, 8.18490295e+02, 5.41476379e+02,
       8.19811584e+02, 5.87880676e+02, 8.22095703e+02, 6.33989990e+02,
       8.24351990e+02, 6.79663879e+02, 8.26218384e+02, 7.26514954e+02,
       7.70386292e+02, 4.51454834e+02, 7.71409485e+02, 4.97234589e+02,
       7.72456543e+02, 5.42816040e+02, 7.73974915e+02, 5.88907410e+02,
       7.76203857e+02, 6.35041382e+02, 7.77606628e+02, 6.81474182e+02,
       7.79947449e+02, 7.27251770e+02, 7.25582947e+02, 4.53696320e+02,
       7.26167419e+02, 4.98616302e+02, 7.27230286e+02, 5.44551270e+02,
       7.28470886e+02, 5.90307800e+02, 7.29973877e+02, 6.36603943e+02,
       7.32197388e+02, 6.82473694e+02, 7.34447754e+02, 7.28728516e+02,
       6.80887085e+02, 4.55489197e+02, 6.81551331e+02, 5.00760132e+02,
       6.82237000e+02, 5.46086182e+02, 6.83371216e+02, 5.91884033e+02,
       6.85211121e+02, 6.37830017e+02, 6.87016968e+02, 6.83851868e+02,
       6.89540833e+02, 7.28547180e+02, 6.36762695e+02, 4.57629852e+02,
       6.37318115e+02, 5.02346130e+02, 6.37751709e+02, 5.47846985e+02,
       6.38818970e+02, 5.93462463e+02, 6.40305908e+02, 6.38988220e+02,
       6.42186523e+02, 6.84586548e+02, 6.44279480e+02, 7.30251038e+02 ] ]
   - [ [ 1.02623389e+03, 4.48710846e+02, 1.02869971e+03, 4.85218933e+02,
       1.03168054e+03, 5.21067932e+02, 1.03450757e+03, 5.58170471e+02,
       1.03739636e+03, 5.93796509e+02, 1.04027209e+03, 6.31861267e+02,
       1.04281409e+03, 6.66847290e+02, 9.89977478e+02, 4.51047272e+02,
       9.92920898e+02, 4.86620850e+02, 9.95505127e+02, 5.24152344e+02,
       9.98340332e+02, 5.59302979e+02, 1.00111719e+03, 5.97518738e+02,
       1.00364386e+03, 6.32495361e+02, 1.00610370e+03, 6.71109131e+02,
       9.53925781e+02, 4.52696503e+02, 9.56607178e+02, 4.89390961e+02,
       9.59387573e+02, 5.25169495e+02, 9.61635803e+02, 5.62753906e+02,
       9.64310974e+02, 5.98303101e+02, 9.67121582e+02, 6.36379517e+02,
       9.69458679e+02, 6.72016968e+02, 9.17579407e+02, 4.55275024e+02,
       9.20397278e+02, 4.91181305e+02, 9.22425476e+02, 5.28151062e+02,
       9.25216553e+02, 5.63933960e+02, 9.27704224e+02, 6.01892883e+02,
       9.29900574e+02, 6.37659607e+02, 9.32384827e+02, 6.76103699e+02,
       8.81184753e+02, 4.56695618e+02, 8.83413696e+02, 4.93665985e+02,
       8.85946960e+02, 5.29453003e+02, 8.88149719e+02, 5.66812744e+02,
       8.90991699e+02, 6.02673828e+02, 8.93012085e+02, 6.41540955e+02,
       8.95756287e+02, 6.76666626e+02, 8.44390442e+02, 4.59680023e+02,
       8.46571899e+02, 4.95376404e+02, 8.48882263e+02, 5.32350708e+02,
       8.51062927e+02, 5.69290039e+02, 8.53180115e+02, 6.06034363e+02,
       8.55979919e+02, 6.42084961e+02, 8.58507629e+02, 6.80561035e+02,
       8.07712036e+02, 4.61317780e+02, 8.09558289e+02, 4.97620331e+02,
       8.11785156e+02, 5.34252258e+02, 8.14184753e+02, 5.71386536e+02,
       8.16380310e+02, 6.07397400e+02, 8.18694885e+02, 6.45685852e+02,
       8.21213074e+02, 6.81522461e+02, 7.71321472e+02, 4.63841095e+02,
       7.73175964e+02, 4.99792999e+02, 7.74827576e+02, 5.36576721e+02,
       7.77347473e+02, 5.72836792e+02, 7.79161194e+02, 6.10498108e+02,
       7.81818726e+02, 6.46562805e+02, 7.84300232e+02, 6.84702454e+02,
       7.34979187e+02, 4.65749115e+02, 7.36651123e+02, 5.02540802e+02,
       7.38458618e+02, 5.38613464e+02, 7.40464661e+02, 5.75440552e+02,
       7.42597900e+02, 6.11933594e+02, 7.44769043e+02, 6.49365967e+02,
       7.48069275e+02, 6.84650391e+02, 6.98626160e+02, 4.68269135e+02,
       7.00246643e+02, 5.04285736e+02, 7.01781433e+02, 5.40937561e+02,
       7.03738953e+02, 5.77351318e+02, 7.05576050e+02, 6.14244324e+02,
