%YAML:1.0
homography: !!opencv-matrix
   rows: 3
   cols: 3
   dt: d
   data: [ 2.0754156235706609e+00, -5.7549285234861733e-02,
       -4.6657011416369602e+02, 1.5076727088061087e-01,
       1.6440835149624828e+00, -2.2739662734092332e+02,
       -5.5985434510187931e-06, 1.2482718521295323e-04, 1. ]
