%YAML:1.0
homography: !!opencv-matrix
   rows: 3
   cols: 3
   dt: d
   data: [ 6.5781337834046411e-02, -4.4626482075026797e-01,
       2.3197274060516875e+02, -2.6329205985470466e-01,
       3.9873055364694654e-02, 1.9793535602488532e+02,
       -1.1013531920285634e-03, -5.7550024784734340e-04, 1. ]
