%YAML:1.0
homography: !!opencv-matrix
   rows: 3
   cols: 3
   dt: d
   data: [ 1.6503258092700854e+00, 8.8784519272132850e-02,
       -4.8738603273514684e+02, 5.6531564596475639e-02,
       1.5114142713819498e+00, -1.4447888800902021e+02,
       9.7867243143141678e-05, 1.6612555318037356e-04, 1. ]
