%YAML:1.0
homography: !!opencv-matrix
   rows: 3
   cols: 3
   dt: d
   data: [ 2.1503390362359101e+00, -1.0195182444209531e-02,
       -4.9752220649481234e+02, 1.6583786026839031e-01,
       1.7124223256480138e+00, -2.5794503590132706e+02,
       1.3898335265268945e-05, 1.8640336917330721e-04, 1. ]
