%YAML:1.0
homography: !!opencv-matrix
   rows: 3
   cols: 3
   dt: d
   data: [ 1.5494187995479609e+00, 2.9728775673102888e-02,
       -8.4761314464683650e+01, 1.3368182908066939e-01,
       1.2197639529965942e+00, -1.2716444283553820e+02,
       6.8030321360613112e-05, 1.7465170739539915e-04, 1. ]
