%YAML:1.0
homography: !!opencv-matrix
   rows: 3
   cols: 3
   dt: d
   data: [ 2.1228708088063932e+00, 2.3880808226826821e-02,
       -4.9680101343547716e+02, 1.4713236669290269e-01,
       1.7336001482291785e+00, -2.5581946304694156e+02,
       -3.4062449420529844e-05, 2.5218253672980426e-04, 1. ]
