%YAML:1.0
homography: !!opencv-matrix
   rows: 3
   cols: 3
   dt: d
   data: [ 2.1207641654969809e+00, 1.2662336033209402e-02,
       -4.9328461548423303e+02, 1.5320595405198401e-01,
       1.7240539908357615e+00, -2.5666162362916361e+02,
       -2.4353723755893683e-05, 2.3275545018724481e-04, 1. ]
