%YAML:1.0
homography: !!opencv-matrix
   rows: 3
   cols: 3
   dt: d
   data: [ 2.0610829844621157e+00, 4.1421019791449331e-03,
       -4.7445043471646818e+02, 1.4576899780274302e-01,
       1.6924122797053456e+00, -2.3606356205300173e+02,
       -4.4403039292323838e-05, 2.0973272849191381e-04, 1. ]
