%YAML:1.0
homography: !!opencv-matrix
   rows: 3
   cols: 3
   dt: d
   data: [ 1.2988213768484385e+00, 4.7867248102702493e-02,
       -2.2674603857185991e+02, 1.4368412440687765e-02,
       1.2449694449988957e+00, -6.3011511238423388e+01,
       -2.1897943009468687e-05, 1.2754556660919610e-04, 1. ]
