%YAML:1.0
homography: !!opencv-matrix
   rows: 3
   cols: 3
   dt: d
   data: [ 1.0840325622189868e+00, 8.4575756185887099e-02,
       -4.1384124717219933e+01, -5.2646088842952347e-02,
       1.0949870319216379e+00, 2.6186496696864751e+01,
       -9.0798130103208487e-05, 1.3189303279699229e-04, 1. ]
