%YAML:1.0
homography: !!opencv-matrix
   rows: 3
   cols: 3
   dt: d
   data: [ 2.2176433079271107e+00, 2.8497548994329922e-02,
       -5.2271638343047346e+02, 1.7406488757974301e-01,
       1.8132633794841622e+00, -2.8134499388805301e+02,
       2.4825104387751441e-05, 2.8483054070304529e-04, 1. ]
