%YAML:1.0
homography: !!opencv-matrix
   rows: 3
   cols: 3
   dt: d
   data: [ 2.1152869081494838e+00, -4.3480433442038308e-02,
       -4.7846854226544207e+02, 1.6602368408097498e-01,
       1.6570020443053810e+00, -1.9456598110250815e+02,
       2.6454369975541869e-05, 1.2789909495929046e-04, 1. ]
