%YAML:1.0
homography: !!opencv-matrix
   rows: 3
   cols: 3
   dt: d
   data: [ 1.4657734478142708e+00, 8.8455699924726877e-02,
       -3.1820282187769914e+02, -3.0712547027341944e-03,
       1.4040022879849028e+00, -1.1654676110905640e+02,
       -2.1932695273602844e-05, 1.5375102972447463e-04, 1. ]
