%YAML:1.0
homography: !!opencv-matrix
   rows: 3
   cols: 3
   dt: d
   data: [ 1.3174612663386418e+00, 4.4557755092167348e-02,
       -2.6390815718658240e+02, 3.0532642095617853e-02,
       1.2657716253948548e+00, -8.4069528210686400e+01,
       -1.5941435590612169e-05, 1.4459805943202282e-04, 1. ]
