%YAML:1.0
homography: !!opencv-matrix
   rows: 3
   cols: 3
   dt: d
   data: [ 1.5573426864778173e+00, 4.1005190807524822e-02,
       -2.6432846273866846e+02, 8.5444539532423980e-02,
       1.2441183435914274e+00, -6.3653920624147268e+01,
       4.3547100416697786e-05, 1.7046708544572601e-04, 1. ]
