%YAML:1.0
homography: !!opencv-matrix
   rows: 3
   cols: 3
   dt: d
   data: [ 2.1555725844273388e+00, -1.5672797410547081e-02,
       -4.9979611317845411e+02, 1.7441303369734290e-01,
       1.7159445179021557e+00, -2.5017529484254123e+02,
       2.7108438136393958e-05, 1.7986025310314763e-04, 1. ]
