%YAML:1.0
homography: !!opencv-matrix
   rows: 3
   cols: 3
   dt: d
   data: [ 2.1545758397373911e+00, -2.6486058083026887e-02,
       -4.9355479225195444e+02, 1.7012721999972791e-01,
       1.6993599793727661e+00, -2.0279424544919519e+02,
       3.5526552218186046e-05, 1.6946886261064476e-04, 1. ]
