%YAML:1.0
homography: !!opencv-matrix
   rows: 3
   cols: 3
   dt: d
   data: [ 2.0586350183415822e+00, -4.9961712398765401e-02,
       -4.6230724727262043e+02, 1.4412889014321889e-01,
       1.6397824159379006e+00, -2.2274196164342644e+02,
       -1.8918480295806169e-05, 1.3525876178028157e-04, 1. ]
