%YAML:1.0
homography: !!opencv-matrix
   rows: 3
   cols: 3
   dt: d
   data: [ 2.0526953636554883e+00, -6.4585644478203336e-02,
       -4.5511871428755137e+02, 1.5790182528487823e-01,
       1.5951876719979352e+00, -1.0852926380532307e+02,
       1.0704731372281523e-05, 9.1134461929512041e-05, 1. ]
