%YAML:1.0
homography: !!opencv-matrix
   rows: 3
   cols: 3
   dt: d
   data: [ 2.0083578754629374e+00, -5.9298536725436363e-02,
       -4.4314306600621745e+02, 1.4125494879194872e-01,
       1.5809852186623996e+00, -9.4869342791929753e+01,
       -2.1504493442277228e-05, 1.0004411330735995e-04, 1. ]
