%YAML:1.0
homography: !!opencv-matrix
   rows: 3
   cols: 3
   dt: d
   data: [ 1.3296628118916407e+00, 4.4738965892689740e-02,
       -1.6536811491991455e+02, 5.2754671785686699e-02,
       1.0776713791195556e+00, -1.6711009562706973e+01,
       1.5970944336436239e-05, 1.4991173577873061e-04, 1. ]
