%YAML:1.0
homography: !!opencv-matrix
   rows: 3
   cols: 3
   dt: d
   data: [ 1.1104890139758199e+00, 1.0330532776805362e-01,
       -9.1207844104255756e+01, -4.9851767644207311e-02,
       1.1213169253763922e+00, -5.7107335536435500e+01,
       -9.1246266541457485e-05, 1.7404272315411080e-04, 1. ]
