%YAML:1.0
homography: !!opencv-matrix
   rows: 3
   cols: 3
   dt: d
   data: [ 1.9764204110324399e+00, 1.1501934481416828e-01,
       -3.6437662894192766e+02, 1.4386083622222323e-02,
       1.4206285694262522e+00, -1.8459859707696137e+02,
       5.5533074713659716e-05, 1.8841073604139924e-04, 1. ]
