%YAML:1.0
homography: !!opencv-matrix
   rows: 3
   cols: 3
   dt: d
   data: [ 1.2162871119541907e+00, 9.6057199591657899e-02,
       -1.2123555057898567e+02, -1.6492542296579867e-02,
       1.1867109248655661e+00, -9.2306949626587709e+01,
       -1.7667234321034658e-05, 1.6927879001236599e-04, 1. ]
