%YAML:1.0
homography: !!opencv-matrix
   rows: 3
   cols: 3
   dt: d
   data: [ 1.3297956778397160e+00, 8.3552947052649859e-02,
       -1.1965322654508030e+02, 4.3552562485768859e-02,
       1.1360649705576993e+00, -6.0181519483365697e+01,
       -8.1017391396772103e-05, 2.2758178442573533e-04, 1. ]
