%YAML:1.0
homography: !!opencv-matrix
   rows: 3
   cols: 3
   dt: d
   data: [ 1.5305009293746565e+00, 2.6848102662661365e-02,
       -1.8853730951607980e+02, 1.1959612799314152e-01,
       1.2376696102506901e+00, -1.1014634547549967e+02,
       4.0629602167639977e-05, 1.9459699256920069e-04, 1. ]
