%YAML:1.0
homography: !!opencv-matrix
   rows: 3
   cols: 3
   dt: d
   data: [ 2.1716070814242636e+00, -5.7533633933531669e-02,
       -4.9091657546936216e+02, 1.8515059861664374e-01,
       1.6955825963144779e+00, -2.6211749611151686e+02,
       6.7898191473106135e-05, 1.1072196543322631e-04, 1. ]
