%YAML:1.0
homography: !!opencv-matrix
   rows: 3
   cols: 3
   dt: d
   data: [ 3.5223494822639001e+00, 2.4798415868474546e-01,
       -5.9055590629299911e+02, 2.8955548623268951e-01,
       2.3479535169590053e+00, -4.7835326468780906e+01,
       2.3133055400058142e-03, 1.2279149866968452e-03, 1. ]
