%YAML:1.0
homography: !!opencv-matrix
   rows: 3
   cols: 3
   dt: d
   data: [ -1.3722900340532473e+01, 1.0576855084309251e+00,
       2.4275201965333194e+03, -5.1450387927441712e+00,
       -6.1096695565782930e+00, 2.1907999758295118e+03,
       -1.7394350168745663e-02, 1.2319203678543167e-03, 1. ]
