%YAML:1.0
homography: !!opencv-matrix
   rows: 3
   cols: 3
   dt: d
   data: [ 2.7905038227178176e+00, 9.3671271607127171e-01,
       -4.9963104516012118e+02, 1.2007310887818097e-01,
       2.5154832528413396e+00, -4.2706352574210150e+01,
       9.6601749997472222e-04, 3.1956001076460668e-03, 1. ]
