%YAML:1.0
homography: !!opencv-matrix
   rows: 3
   cols: 3
   dt: d
   data: [ 2.2334133345995477e+00, 8.1960839921313189e-01,
       -3.3998887583799961e+02, -1.3980797159627247e-02,
       1.6683755459702820e+00, 2.7692985218701683e+01,
       9.6097447177159875e-04, 1.7482054027049062e-03, 1. ]
