%YAML:1.0
homography: !!opencv-matrix
   rows: 3
   cols: 3
   dt: d
   data: [ 3.1924839001649588e+00, 1.1502021851846711e-02,
       -5.1521681743931254e+02, 2.5524793880049779e-01,
       1.9795546839579246e+00, -2.8235718316735948e+01,
       2.0011376273837301e-03, 4.9261544735712168e-04, 1. ]
