%YAML:1.0
homography: !!opencv-matrix
   rows: 3
   cols: 3
   dt: d
   data: [ -4.9543723106491520e+00, -4.7275807351837584e-01,
       9.2431624462366017e+02, -1.7958121114650394e+00,
       -2.0505758067425970e+00, 6.3893763926276165e+02,
       -8.3517954763786071e-03, -2.4598048355012367e-03, 1. ]
