%YAML:1.0
homography: !!opencv-matrix
   rows: 3
   cols: 3
   dt: d
   data: [ 9.4056608078214490e-02, -1.5361360277232980e-01,
       1.0111869142891264e+02, -2.1118188150179906e-01,
       6.5793217364358270e-01, 3.9415091987496304e+01,
       -2.4895373084014832e-03, 1.2438425046870847e-04, 1. ]
