%YAML:1.0
homography: !!opencv-matrix
   rows: 3
   cols: 3
   dt: d
   data: [ 3.2191497118952670e+00, 1.2850342408769234e-02,
       -5.1898866809908088e+02, 2.5829931585786536e-01,
       1.9902193992945414e+00, -2.7014573031213679e+01,
       2.0324265597613518e-03, 5.0467258231737212e-04, 1. ]
