%YAML:1.0
homography: !!opencv-matrix
   rows: 3
   cols: 3
   dt: d
   data: [ 9.4826019057124222e-01, 3.4184283108919677e-01,
       -1.9476492951847035e+02, -8.3988422735861257e-01,
       1.4876260404115045e+00, -4.9320726178626501e+01,
       -3.7206175509436720e-03, 2.2610684286679273e-03, 1. ]
