%YAML:1.0
homography: !!opencv-matrix
   rows: 3
   cols: 3
   dt: d
   data: [ 2.1811772923470083e+00, 4.6684893596073751e-01,
       -3.0767612645549440e+02, 1.4628241209706688e-01,
       1.6079178263983389e+00, -2.3824209964582785e+01,
       7.0116614606975484e-04, 1.5958806211942712e-03, 1. ]
