%YAML:1.0
homography: !!opencv-matrix
   rows: 3
   cols: 3
   dt: d
   data: [ 3.6367495137054799e+00, -4.2010804610942469e-02,
       -5.9133121160653434e+02, 3.9202771905321887e-01,
       2.1813873982301981e+00, -6.4876267795354309e+01,
       2.6561853734447935e-03, 3.6653090347782923e-04,
       9.9999999999999989e-01 ]
