%YAML:1.0
homography: !!opencv-matrix
   rows: 3
   cols: 3
   dt: d
   data: [ 3.5934997919206020e+00, 2.5519522621722324e-01,
       -6.0447784385927923e+02, 3.0300801965736635e-01,
       2.3859792906456376e+00, -5.0971102071109541e+01,
       2.4002216818454557e-03, 1.2598983849190621e-03, 1. ]
