%YAML:1.0
homography: !!opencv-matrix
   rows: 3
   cols: 3
   dt: d
   data: [ -9.5960731745130057e-01, -5.5815654574901820e-02,
       4.9894006166878413e-01, -9.4939610611905378e-01,
       1.4705923665330492e-01, 4.0589938927693048e-01,
       -1.8923665952442486e+00, -8.0098943898094188e-02, 1. ]
