%YAML:1.0
homography: !!opencv-matrix
   rows: 3
   cols: 3
   dt: d
   data: [ 2.2158198722242957e+00, -7.6503822774057935e-03,
       -5.6857230005953295e+02, 2.0567366677105661e-01,
       1.7688284020883074e+00, -2.8176492911106925e+02,
       3.6600956565756288e-05, 2.2280526304585264e-04, 1. ]
